17 0.249573 0.172222 0.423932 0.046032
17 0.746154 0.172222 0.429060 0.049206
17 0.498291 0.271429 0.924786 0.092063
17 0.664957 0.338889 0.591453 0.052381
17 0.247863 0.415873 0.427350 0.047619
17 0.747863 0.417460 0.425641 0.050794
17 0.250427 0.493651 0.425641 0.053968
17 0.746154 0.493651 0.422222 0.047619
17 0.496581 0.593651 0.921368 0.092063
17 0.583761 0.657937 0.753846 0.052381
17 0.247863 0.734921 0.427350 0.050794
17 0.497436 0.835714 0.919658 0.090476
17 0.583761 0.903968 0.750427 0.046032
