17 0.263333 0.158904 0.406667 0.043836
17 0.738333 0.160959 0.406667 0.045205
17 0.501667 0.245890 0.880000 0.078082
17 0.661667 0.302055 0.563333 0.045205
17 0.264167 0.369178 0.405000 0.042466
17 0.739167 0.369178 0.401667 0.042466
17 0.265000 0.434247 0.406667 0.043836
17 0.738333 0.435616 0.406667 0.046575
17 0.502500 0.520548 0.888333 0.079452
17 0.583333 0.578082 0.726667 0.049315
17 0.264167 0.644521 0.415000 0.045205
17 0.500000 0.730137 0.883333 0.079452
17 0.583333 0.786301 0.716667 0.046575
17 0.499167 0.877397 0.881667 0.045205
17 0.500833 0.945205 0.878333 0.041096
