15 0.278889 0.144828 0.331111 0.027586
15 0.278889 0.179310 0.331111 0.031034
15 0.295556 0.245690 0.355556 0.032759
15 0.297778 0.281034 0.364444 0.031034
15 0.243333 0.368103 0.251111 0.032759
15 0.240000 0.434483 0.253333 0.034483
15 0.236667 0.468103 0.251111 0.029310
15 0.244444 0.523276 0.244444 0.029310
15 0.306667 0.546552 0.173333 0.024138
15 0.304444 0.608621 0.391111 0.034483
15 0.731111 0.611207 0.271111 0.032759
15 0.304444 0.700000 0.386667 0.044828
15 0.728889 0.703448 0.275556 0.034483
15 0.305556 0.801724 0.384444 0.041379
15 0.728889 0.804310 0.275556 0.036207
