15 0.356667 0.155263 0.250000 0.033333
15 0.639167 0.157895 0.198333 0.031579
15 0.786667 0.160526 0.083333 0.026316
15 0.201667 0.207018 0.380000 0.031579
15 0.728333 0.209649 0.453333 0.033333
15 0.557500 0.278947 0.458333 0.035088
15 0.369167 0.325439 0.715000 0.040351
15 0.498333 0.525439 0.973333 0.040351
15 0.497500 0.578070 0.975000 0.043860
15 0.330833 0.631579 0.175000 0.038596
15 0.771667 0.630702 0.423333 0.047368
15 0.259167 0.681579 0.175000 0.040351
15 0.942500 0.826316 0.085000 0.028070
15 0.090833 0.901754 0.171667 0.035088
15 0.375833 0.906140 0.081667 0.026316
15 0.095000 0.931579 0.123333 0.028070
15 0.335000 0.934211 0.096667 0.026316
15 0.080833 0.960526 0.148333 0.029825
