15 0.565008 0.107955 0.182986 0.045455
15 0.563403 0.157670 0.186196 0.048295
15 0.355538 0.242898 0.040128 0.048295
15 0.500803 0.241477 0.125201 0.051136
15 0.836276 0.245739 0.243981 0.048295
15 0.148475 0.322443 0.184591 0.071023
15 0.621188 0.335227 0.224719 0.062500
15 0.853130 0.335227 0.219904 0.068182
15 0.736758 0.336648 0.455859 0.071023
15 0.516854 0.414773 0.921348 0.062500
15 0.173355 0.416193 0.234350 0.065341
15 0.404494 0.416193 0.224719 0.065341
15 0.634029 0.416193 0.231140 0.071023
15 0.862761 0.416193 0.223114 0.065341
15 0.164526 0.509943 0.210273 0.059659
15 0.436597 0.512784 0.186196 0.053977
15 0.839486 0.517045 0.260032 0.051136
15 0.378812 0.562500 0.096308 0.045455
15 0.715088 0.561080 0.024077 0.042614
15 0.857945 0.563920 0.091493 0.042614
15 0.583467 0.825284 0.101124 0.065341
