15 0.415563 0.187309 0.516556 0.044343
15 0.865066 0.187309 0.183775 0.044343
15 0.422185 0.224006 0.357616 0.035168
15 0.817053 0.225535 0.269868 0.035168
15 0.413907 0.292049 0.523179 0.039755
15 0.864238 0.295872 0.185430 0.044343
15 0.421358 0.330275 0.352649 0.036697
15 0.819536 0.328746 0.274834 0.036697
15 0.427152 0.425841 0.523179 0.041284
15 0.907285 0.426606 0.099338 0.042813
15 0.528146 0.489297 0.225166 0.045872
15 0.855132 0.490826 0.044702 0.033639
15 0.152318 0.521407 0.046358 0.039755
15 0.339404 0.522171 0.122517 0.041284
15 0.531457 0.527523 0.079470 0.030581
15 0.375000 0.652905 0.173841 0.051988
15 0.830298 0.652141 0.223510 0.050459
15 0.622517 0.788991 0.668874 0.039755
15 0.470199 0.916667 0.807947 0.041284
