16 0.316667 0.341429 0.366667 0.031429
16 0.784167 0.341429 0.371667 0.034286
16 0.316667 0.376429 0.366667 0.032857
16 0.785000 0.376429 0.370000 0.030000
16 0.321667 0.409286 0.356667 0.030000
16 0.786667 0.411429 0.363333 0.037143
16 0.356667 0.459286 0.273333 0.035714
16 0.831667 0.462143 0.273333 0.032857
16 0.546667 0.514286 0.846667 0.037143
16 0.404167 0.569286 0.568333 0.035714
16 0.874167 0.571429 0.185000 0.037143
16 0.405000 0.611429 0.560000 0.042857
16 0.876667 0.611429 0.180000 0.025714
16 0.546667 0.657143 0.840000 0.028571
16 0.314167 0.694286 0.351667 0.031429
16 0.784167 0.696429 0.371667 0.035714
16 0.309167 0.732143 0.368333 0.032857
16 0.782500 0.734286 0.395000 0.028571
17 0.114167 0.841429 0.148333 0.037143
17 0.109167 0.872143 0.145000 0.035714
17 0.111667 0.901429 0.153333 0.037143
17 0.111667 0.927143 0.143333 0.037143
17 0.111667 0.957143 0.143333 0.034286
17 0.241667 0.841429 0.143333 0.037143
17 0.241667 0.871429 0.153333 0.037143
17 0.239167 0.899286 0.151667 0.038571
17 0.241667 0.929286 0.143333 0.041429
17 0.241667 0.954286 0.133333 0.037143
17 0.386667 0.844286 0.176667 0.037143
17 0.386667 0.872143 0.176667 0.044286
17 0.386667 0.899286 0.173333 0.044286
17 0.389167 0.931429 0.178333 0.045714
17 0.386667 0.957143 0.180000 0.042857
17 0.546667 0.842143 0.170000 0.047143
17 0.541667 0.871429 0.173333 0.042857
17 0.544167 0.902143 0.171667 0.044286
17 0.544167 0.927143 0.175000 0.040000
17 0.539167 0.957143 0.175000 0.042857
17 0.669167 0.839286 0.118333 0.041429
17 0.671667 0.871429 0.113333 0.037143
17 0.669167 0.901429 0.108333 0.045714
17 0.674167 0.929286 0.118333 0.044286
17 0.666667 0.956429 0.113333 0.050000
17 0.779167 0.842143 0.138333 0.044286
17 0.779167 0.872143 0.138333 0.041429
17 0.781667 0.901429 0.136667 0.042857
17 0.779167 0.929286 0.141667 0.041429
17 0.779167 0.957143 0.141667 0.045714
17 0.904167 0.841429 0.135000 0.042857
17 0.904167 0.871429 0.138333 0.042857
17 0.901667 0.902143 0.146667 0.044286
17 0.904167 0.929286 0.145000 0.035714
17 0.901667 0.956429 0.146667 0.044286
15 0.160833 0.317143 0.021667 0.017143
15 0.218333 0.317857 0.020000 0.015714
15 0.277500 0.317857 0.021667 0.015714
15 0.337500 0.317143 0.021667 0.017143
15 0.645000 0.317143 0.020000 0.014286
15 0.703333 0.317857 0.023333 0.015714
15 0.762500 0.318571 0.021667 0.017143
15 0.821667 0.317143 0.023333 0.020000
