17 0.475705 0.274213 0.387147 0.032688
17 0.790752 0.274213 0.274295 0.035109
17 0.462382 0.299031 0.109718 0.038741
17 0.585423 0.300242 0.173981 0.043584
17 0.792320 0.300242 0.274295 0.036320
17 0.410658 0.320823 0.206897 0.024213
17 0.583856 0.323245 0.161442 0.026634
17 0.792320 0.322639 0.274295 0.027845
17 0.573668 0.342010 0.717868 0.032688
17 0.438871 0.360169 0.457680 0.027845
17 0.794671 0.359564 0.275862 0.029056
17 0.475705 0.405569 0.384013 0.031477
17 0.791536 0.405569 0.275862 0.038741
17 0.521160 0.425545 0.816614 0.025424
17 0.519592 0.443705 0.816614 0.023002
17 0.521944 0.469128 0.821317 0.042373
17 0.523511 0.493341 0.815047 0.030266
17 0.360502 0.515738 0.501567 0.026634
17 0.840125 0.512712 0.178683 0.035109
17 0.770376 0.513317 0.039185 0.031477
17 0.798589 0.513317 0.039185 0.033898
17 0.826803 0.513317 0.036050 0.031477
17 0.853448 0.513317 0.042320 0.029056
17 0.882445 0.513317 0.040752 0.033898
17 0.911442 0.512107 0.042320 0.029056
17 0.525862 0.542978 0.819749 0.042373
17 0.521944 0.567797 0.815047 0.024213
17 0.246865 0.684019 0.261755 0.026634
17 0.244514 0.702785 0.260188 0.030266
17 0.431034 0.683414 0.147335 0.030266
17 0.579154 0.683414 0.183386 0.030266
17 0.723354 0.684019 0.139498 0.033898
17 0.854232 0.683414 0.150470 0.030266
17 0.429467 0.702785 0.144201 0.030266
17 0.576803 0.703390 0.175549 0.029056
17 0.723354 0.703390 0.133229 0.029056
17 0.855016 0.702785 0.145768 0.030266
