17 0.714530 0.168750 0.444444 0.069643
17 0.715385 0.233929 0.449573 0.103571
17 0.715385 0.345536 0.435897 0.058929
17 0.711111 0.412500 0.441026 0.103571
17 0.711966 0.468750 0.439316 0.051786
17 0.714530 0.532143 0.437607 0.060714
17 0.711966 0.597321 0.439316 0.101786
17 0.716239 0.656250 0.447863 0.044643
17 0.713675 0.725893 0.152137 0.037500
17 0.670085 0.726786 0.058120 0.035714
17 0.715385 0.725893 0.070085 0.033929
17 0.757265 0.725000 0.064957 0.032143
17 0.486325 0.782143 0.138462 0.071429
17 0.782051 0.781250 0.292308 0.055357
17 0.711111 0.860714 0.153846 0.035714
17 0.664957 0.858036 0.058120 0.041071
17 0.711111 0.861607 0.068376 0.041071
17 0.755556 0.862500 0.061538 0.035714
16 0.665812 0.908929 0.035897 0.032143
16 0.764957 0.908036 0.035897 0.033929
