17 0.394295 0.147668 0.432886 0.031088
17 0.394295 0.177461 0.439597 0.033679
17 0.197987 0.212435 0.161074 0.031088
17 0.384228 0.211140 0.083893 0.033679
17 0.552013 0.209845 0.077181 0.031088
17 0.199664 0.252591 0.164430 0.028497
17 0.416107 0.255181 0.087248 0.028497
17 0.562081 0.255181 0.083893 0.033679
17 0.196309 0.291451 0.130872 0.033679
17 0.459732 0.292746 0.261745 0.036269
17 0.359060 0.329016 0.442953 0.036269
17 0.196309 0.367876 0.291946 0.041451
17 0.474832 0.369171 0.298658 0.044041
17 0.197987 0.408031 0.295302 0.064767
17 0.478188 0.405440 0.298658 0.064767
17 0.406040 0.494819 0.382550 0.031088
17 0.234899 0.527202 0.214765 0.033679
17 0.508389 0.528497 0.211409 0.036269
17 0.219799 0.556995 0.211409 0.036269
17 0.506711 0.558290 0.221477 0.038860
17 0.458054 0.588083 0.312081 0.036269
16 0.223154 0.611399 0.030201 0.020725
16 0.327181 0.610104 0.023490 0.012953
16 0.221477 0.642487 0.026846 0.015544
16 0.328859 0.642487 0.026846 0.015544
15 0.093960 0.672280 0.060403 0.023316
15 0.092282 0.717617 0.063758 0.020725
17 0.338926 0.856218 0.577181 0.044041
17 0.783557 0.248705 0.345638 0.062176
17 0.786913 0.212435 0.338926 0.041451
15 0.699664 0.487047 0.090604 0.025907
15 0.703020 0.505181 0.104027 0.020725
16 0.667785 0.559585 0.026846 0.020725
16 0.755034 0.560881 0.026846 0.023316
16 0.827181 0.558290 0.030201 0.018135
16 0.894295 0.560881 0.030201 0.023316
15 0.783557 0.580311 0.090604 0.015544
17 0.796980 0.617876 0.332215 0.038860
17 0.796980 0.647668 0.332215 0.046632
17 0.796980 0.672280 0.332215 0.033679
17 0.796980 0.695596 0.332215 0.033679
17 0.800336 0.717617 0.332215 0.036269
17 0.798658 0.742228 0.335570 0.033679
15 0.760067 0.774611 0.204698 0.025907
16 0.656040 0.800518 0.023490 0.015544
16 0.708054 0.799223 0.026846 0.018135
16 0.771812 0.799223 0.026846 0.012953
16 0.813758 0.797927 0.023490 0.015544
15 0.901007 0.804404 0.077181 0.018135
15 0.840604 0.818653 0.197987 0.020725
15 0.709732 0.831606 0.070470 0.020725
15 0.885906 0.831606 0.080537 0.015544
15 0.687919 0.834197 0.033557 0.025907
15 0.729866 0.835492 0.030201 0.023316
