17 0.240028 0.053965 0.389271 0.103524
16 0.474553 0.063877 0.022008 0.039648
16 0.545392 0.063877 0.023384 0.035242
17 0.308803 0.148678 0.532325 0.129956
17 0.755158 0.148678 0.387895 0.138767
17 0.497249 0.538546 0.898212 0.099119
17 0.496561 0.616740 0.910591 0.096916
17 0.495873 0.686123 0.900963 0.103524
17 0.239340 0.418502 0.390646 0.118943
16 0.099037 0.339207 0.024759 0.035242
16 0.233838 0.339207 0.022008 0.035242
16 0.393398 0.341410 0.027510 0.035242
16 0.574966 0.339207 0.022008 0.030837
16 0.694635 0.338106 0.027510 0.041850
16 0.561898 0.417401 0.026135 0.041850
16 0.660935 0.416300 0.023384 0.039648
16 0.817056 0.416300 0.022008 0.039648
17 0.279917 0.845815 0.471802 0.123348
17 0.724897 0.844714 0.442916 0.129956
17 0.176066 0.942731 0.269601 0.114537
17 0.435351 0.941630 0.276479 0.116740
17 0.753783 0.939427 0.387895 0.121145
