17 0.279859 0.224638 0.472287 0.064010
17 0.722873 0.227053 0.446526 0.062802
17 0.236924 0.277778 0.387978 0.061594
16 0.473458 0.288647 0.024200 0.019324
16 0.545277 0.288949 0.024200 0.016304
17 0.310304 0.329106 0.530055 0.062802
17 0.753318 0.327597 0.385636 0.060990
16 0.096799 0.421498 0.024980 0.018116
16 0.233411 0.421800 0.021858 0.016304
16 0.392272 0.422403 0.024200 0.017512
16 0.575332 0.422403 0.026542 0.017512
16 0.694770 0.422403 0.023419 0.015097
16 0.561671 0.459843 0.022639 0.018720
16 0.661202 0.459541 0.021858 0.018116
16 0.816940 0.458635 0.021077 0.018720
17 0.238095 0.461051 0.390320 0.062198
17 0.495706 0.519022 0.900859 0.046498
17 0.494536 0.554348 0.903201 0.050725
17 0.496097 0.589976 0.903201 0.045894
17 0.277908 0.664251 0.466823 0.062802
17 0.725215 0.666667 0.444965 0.065217
17 0.177205 0.717391 0.270101 0.057971
17 0.437549 0.717391 0.275566 0.061594
17 0.754098 0.715278 0.384075 0.060990
17 0.238095 0.766606 0.390320 0.060990
17 0.682670 0.766304 0.526932 0.060386
15 0.158860 0.859601 0.177205 0.027174
15 0.467994 0.860809 0.203747 0.025966
15 0.840359 0.860809 0.072600 0.025966
15 0.871975 0.816425 0.135831 0.021739
15 0.181109 0.891908 0.134270 0.021739
15 0.468384 0.893418 0.199844 0.021135
15 0.841140 0.892210 0.069477 0.019928
15 0.175644 0.921800 0.146760 0.022343
15 0.496877 0.923611 0.145980 0.021135
15 0.842701 0.923611 0.072600 0.018720
15 0.773614 0.955012 0.320062 0.028382
