17 0.221477 0.240933 0.389262 0.072539
17 0.510067 0.239637 0.221477 0.075130
17 0.788591 0.239637 0.362416 0.075130
17 0.263423 0.294041 0.473154 0.075130
17 0.724832 0.295337 0.496644 0.072539
17 0.322148 0.351036 0.597315 0.069948
17 0.788591 0.352332 0.375839 0.077720
17 0.224832 0.414508 0.395973 0.088083
17 0.447987 0.414508 0.104027 0.088083
17 0.546980 0.413212 0.140940 0.085492
17 0.790268 0.398964 0.372483 0.056995
17 0.785235 0.436528 0.375839 0.044041
16 0.790268 0.458549 0.030201 0.015544
16 0.864094 0.459845 0.043624 0.023316
17 0.325503 0.511658 0.590604 0.069948
17 0.788591 0.510363 0.375839 0.072539
17 0.221477 0.573834 0.395973 0.085492
17 0.459732 0.575130 0.127517 0.077720
17 0.562081 0.573834 0.110738 0.085492
17 0.783557 0.559585 0.372483 0.051813
17 0.788591 0.594560 0.369128 0.044041
16 0.323826 0.646373 0.030201 0.018135
16 0.375839 0.645078 0.033557 0.020725
15 0.483221 0.668394 0.483221 0.025907
15 0.786913 0.698187 0.365772 0.023316
16 0.387584 0.696891 0.030201 0.020725
16 0.449664 0.696891 0.026846 0.020725
17 0.187919 0.774611 0.328859 0.051813
17 0.498322 0.775907 0.325503 0.064767
17 0.805369 0.772021 0.328859 0.056995
17 0.191275 0.816062 0.328859 0.062176
17 0.496644 0.817358 0.315436 0.059585
17 0.805369 0.814767 0.335570 0.059585
17 0.189597 0.865285 0.332215 0.067358
17 0.486577 0.863990 0.308725 0.069948
17 0.672819 0.865285 0.097315 0.072539
17 0.842282 0.865285 0.268456 0.072539
17 0.187919 0.918394 0.328859 0.069948
17 0.488255 0.918394 0.305369 0.069948
17 0.798658 0.918394 0.348993 0.069948
