16 0.107579 0.157372 0.019560 0.014178
16 0.106968 0.180529 0.015892 0.015123
16 0.108191 0.205577 0.018337 0.012287
16 0.108191 0.227316 0.018337 0.016068
16 0.106968 0.250000 0.020782 0.014178
16 0.108191 0.273157 0.018337 0.015123
16 0.106968 0.293478 0.015892 0.014178
16 0.106357 0.315217 0.017115 0.014178
16 0.107579 0.338847 0.019560 0.014178
16 0.106357 0.360586 0.019560 0.012287
16 0.106968 0.381853 0.018337 0.013233
16 0.106968 0.405009 0.015892 0.012287
16 0.106357 0.425803 0.019560 0.014178
16 0.106357 0.448488 0.022005 0.012287
17 0.199878 0.493384 0.233496 0.047259
17 0.407090 0.491493 0.220049 0.047259
17 0.608191 0.493384 0.204156 0.051040
17 0.801956 0.494329 0.229829 0.047259
17 0.197433 0.532609 0.233496 0.055766
17 0.399756 0.532136 0.234719 0.058601
17 0.567237 0.531191 0.119804 0.058601
17 0.806846 0.531664 0.222494 0.057656
17 0.393032 0.572779 0.632029 0.049149
17 0.804401 0.572779 0.220049 0.045369
17 0.310513 0.607278 0.457213 0.044423
17 0.615526 0.604915 0.184597 0.045369
17 0.801956 0.603497 0.224939 0.046314
17 0.194988 0.639887 0.226161 0.054820
17 0.417482 0.639414 0.253056 0.053875
17 0.720049 0.639414 0.393643 0.051985
17 0.151589 0.679584 0.136919 0.056711
17 0.273227 0.679112 0.147922 0.051985
17 0.435208 0.682420 0.205379 0.058601
17 0.628362 0.681002 0.212714 0.057656
17 0.816015 0.678166 0.199267 0.055766
17 0.498778 0.722117 0.836186 0.049149
17 0.309291 0.759452 0.459658 0.050095
17 0.720660 0.758507 0.394866 0.048204
17 0.309902 0.794896 0.460880 0.052930
17 0.719438 0.794423 0.394866 0.051985
17 0.315403 0.871928 0.462103 0.044423
17 0.312347 0.908318 0.465770 0.051040
17 0.720660 0.870983 0.389976 0.048204
17 0.723716 0.908790 0.383863 0.048204
