17 0.496951 0.177346 0.975610 0.057208
17 0.186738 0.220824 0.358232 0.052632
17 0.516006 0.219680 0.321646 0.064073
17 0.826220 0.217391 0.323171 0.059497
17 0.496951 0.259725 0.975610 0.057208
17 0.188262 0.302059 0.361280 0.059497
17 0.516768 0.297483 0.320122 0.059497
17 0.826220 0.299771 0.323171 0.068650
17 0.147866 0.340961 0.280488 0.059497
17 0.519817 0.343249 0.478659 0.059497
17 0.864329 0.342105 0.240854 0.066362
17 0.496189 0.384439 0.977134 0.059497
17 0.150152 0.424485 0.288110 0.057208
17 0.477896 0.422197 0.400915 0.061785
17 0.825457 0.424485 0.321646 0.061785
17 0.146341 0.463387 0.283537 0.052632
17 0.517530 0.458810 0.477134 0.057208
17 0.864329 0.461098 0.237805 0.057208
17 0.497713 0.551487 0.986280 0.064073
17 0.380335 0.588101 0.751524 0.064073
17 0.865854 0.586957 0.243902 0.066362
17 0.174543 0.627002 0.333841 0.059497
17 0.503049 0.628146 0.350610 0.066362
17 0.825457 0.625858 0.321646 0.057208
17 0.149390 0.668192 0.283537 0.064073
17 0.476372 0.669336 0.400915 0.066362
17 0.825457 0.668192 0.321646 0.068650
17 0.147866 0.708238 0.286585 0.061785
17 0.461128 0.708238 0.370427 0.057208
17 0.807927 0.705950 0.359756 0.066362
17 0.496951 0.792906 0.978659 0.070938
17 0.496189 0.839817 0.980183 0.064073
17 0.147104 0.879863 0.285061 0.061785
17 0.442073 0.879863 0.335366 0.061785
17 0.677591 0.877574 0.163110 0.066362
17 0.864329 0.877574 0.246951 0.066362
17 0.496951 0.922197 0.981707 0.059497
