15 0.327446 0.130777 0.551630 0.030462
15 0.326087 0.167017 0.546196 0.025210
15 0.328125 0.247899 0.389946 0.023109
15 0.749321 0.228992 0.126359 0.025210
15 0.198370 0.286765 0.122283 0.018908
15 0.307065 0.285714 0.040761 0.018908
15 0.494565 0.285189 0.111413 0.022059
15 0.596467 0.286239 0.040761 0.019958
15 0.774457 0.411239 0.089674 0.024160
15 0.267663 0.432248 0.059783 0.019958
15 0.351223 0.480567 0.588315 0.032563
15 0.348505 0.510504 0.588315 0.025210
15 0.345109 0.543067 0.592391 0.027311
15 0.568614 0.777311 0.099185 0.025210
