17 0.254000 0.159278 0.454667 0.095876
17 0.707333 0.159794 0.486667 0.101031
17 0.490667 0.230928 0.925333 0.068041
15 0.328000 0.324742 0.218667 0.028866
15 0.758000 0.324227 0.225333 0.023711
15 0.316667 0.358247 0.188000 0.019588
15 0.452667 0.454639 0.124000 0.026804
15 0.656667 0.453608 0.185333 0.026804
15 0.830667 0.454124 0.120000 0.025773
16 0.182667 0.520103 0.024000 0.019588
16 0.182667 0.594845 0.024000 0.020619
16 0.237333 0.631959 0.024000 0.016495
16 0.238000 0.675773 0.025333 0.017526
