15 0.237042 0.161133 0.193426 0.033203
15 0.199115 0.216309 0.034134 0.020508
15 0.347661 0.216797 0.131479 0.021484
15 0.463338 0.215820 0.034134 0.021484
15 0.779393 0.216309 0.183312 0.020508
15 0.429204 0.236328 0.188369 0.017578
15 0.666245 0.235352 0.144121 0.019531
15 0.271808 0.252930 0.197219 0.017578
15 0.508217 0.251465 0.146650 0.022461
15 0.307206 0.270508 0.192162 0.019531
15 0.611252 0.269531 0.188369 0.019531
15 0.211757 0.288574 0.201011 0.022461
15 0.512010 0.320801 0.037927 0.020508
15 0.658660 0.321289 0.139064 0.021484
15 0.773072 0.317871 0.041719 0.026367
15 0.131479 0.390137 0.040455 0.020508
15 0.280025 0.390137 0.137800 0.022461
15 0.394437 0.392090 0.032870 0.020508
15 0.497472 0.425781 0.774968 0.025391
15 0.646018 0.458496 0.169406 0.024414
15 0.216182 0.491211 0.219975 0.033203
15 0.218710 0.541992 0.217446 0.033203
15 0.312263 0.673340 0.063211 0.030273
15 0.511378 0.672363 0.216182 0.028320
15 0.680152 0.672363 0.055626 0.028320
15 0.235777 0.707520 0.198483 0.026367
15 0.357143 0.852051 0.299621 0.036133
16 0.125790 0.745117 0.024020 0.015625
16 0.127054 0.764160 0.021492 0.016602
16 0.127686 0.818848 0.020228 0.016602
