17 0.270134 0.160622 0.473154 0.062176
17 0.724832 0.156736 0.469799 0.064767
17 0.493289 0.225389 0.932886 0.067358
15 0.664430 0.344560 0.127517 0.036269
17 0.271812 0.299223 0.026846 0.033679
17 0.296980 0.297927 0.036913 0.031088
17 0.310403 0.299223 0.030201 0.028497
17 0.333893 0.299223 0.036913 0.033679
17 0.357383 0.297927 0.030201 0.031088
17 0.379195 0.295337 0.040268 0.031088
17 0.402685 0.297927 0.033557 0.025907
17 0.424497 0.299223 0.036913 0.033679
17 0.449664 0.297927 0.033557 0.025907
17 0.471477 0.299223 0.030201 0.033679
17 0.758389 0.299223 0.040268 0.033679
17 0.776846 0.299223 0.036913 0.033679
17 0.805369 0.299223 0.026846 0.033679
17 0.825503 0.299223 0.033557 0.033679
17 0.845638 0.299223 0.040268 0.033679
17 0.872483 0.299223 0.026846 0.033679
17 0.890940 0.299223 0.036913 0.033679
17 0.912752 0.299223 0.033557 0.038860
17 0.934564 0.299223 0.030201 0.033679
16 0.265101 0.345855 0.026846 0.023316
16 0.360738 0.345855 0.030201 0.023316
16 0.447987 0.345855 0.030201 0.023316
16 0.255034 0.523316 0.033557 0.020725
16 0.354027 0.524611 0.023490 0.023316
16 0.441275 0.523316 0.030201 0.025907
16 0.216443 0.610104 0.023490 0.018135
16 0.209732 0.705959 0.023490 0.023316
16 0.270134 0.748705 0.030201 0.020725
16 0.270134 0.806995 0.030201 0.023316
15 0.651007 0.522021 0.127517 0.038860
15 0.833893 0.525907 0.164430 0.036269
17 0.464765 0.479275 0.036913 0.036269
17 0.484899 0.479275 0.036913 0.031088
17 0.513423 0.479275 0.033557 0.031088
17 0.528523 0.479275 0.036913 0.036269
17 0.552013 0.480570 0.036913 0.038860
17 0.573826 0.479275 0.033557 0.036269
17 0.595638 0.479275 0.030201 0.036269
17 0.619128 0.479275 0.036913 0.031088
17 0.639262 0.479275 0.030201 0.036269
