15 0.328889 0.263519 0.433333 0.039485
15 0.326111 0.308584 0.438889 0.036910
15 0.531667 0.428755 0.058889 0.019742
15 0.783889 0.442489 0.056667 0.024893
15 0.599444 0.475536 0.058889 0.020601
15 0.400000 0.541202 0.582222 0.023176
15 0.756111 0.540773 0.085556 0.022318
15 0.404444 0.587124 0.577778 0.022318
15 0.754444 0.587554 0.091111 0.019742
15 0.403333 0.637768 0.573333 0.025751
15 0.755000 0.636481 0.087778 0.023176
15 0.403889 0.684120 0.578889 0.030901
15 0.754444 0.684549 0.088889 0.024893
15 0.330000 0.740343 0.448889 0.035193
15 0.328333 0.804292 0.438889 0.037768
15 0.328333 0.870815 0.436667 0.033476
