17 0.393162 0.158076 0.564103 0.041237
17 0.776068 0.157216 0.225641 0.049828
17 0.358120 0.299828 0.500855 0.046392
17 0.358120 0.330756 0.497436 0.046392
17 0.358120 0.362543 0.497436 0.048110
17 0.356410 0.393471 0.504274 0.048110
17 0.357265 0.426976 0.502564 0.046392
17 0.361538 0.459622 0.500855 0.042955
17 0.226496 0.459622 0.234188 0.042955
17 0.469231 0.461340 0.278632 0.042955
15 0.782051 0.404639 0.200000 0.029210
17 0.650427 0.535223 0.172650 0.036082
17 0.651282 0.571306 0.177778 0.036082
17 0.651282 0.601375 0.177778 0.030928
17 0.623932 0.640034 0.123077 0.036082
17 0.652991 0.680412 0.177778 0.034364
17 0.811111 0.545533 0.152137 0.149485
17 0.810256 0.655498 0.150427 0.087629
15 0.408547 0.829038 0.553846 0.029210
15 0.807692 0.834192 0.158974 0.022337
16 0.159829 0.751718 0.029060 0.015464
16 0.160684 0.768041 0.030769 0.017182
16 0.158974 0.786082 0.027350 0.018900
16 0.159829 0.804983 0.029060 0.018900
16 0.623077 0.310137 0.025641 0.018900
16 0.623932 0.327320 0.023932 0.015464
16 0.623932 0.346220 0.023932 0.018900
16 0.624786 0.365120 0.025641 0.018900
16 0.623932 0.384880 0.027350 0.020619
16 0.624786 0.432131 0.025641 0.018900
16 0.782051 0.430412 0.025641 0.018900
16 0.782906 0.309278 0.023932 0.017182
16 0.781197 0.326460 0.023932 0.020619
16 0.782906 0.345361 0.027350 0.020619
16 0.782906 0.365979 0.027350 0.020619
17 0.499145 0.910653 0.772650 0.041237
