15 0.184362 0.141892 0.078910 0.025799
15 0.364419 0.143735 0.172166 0.019656
15 0.500000 0.143120 0.041607 0.023342
15 0.221664 0.165848 0.222382 0.017199
15 0.365136 0.184275 0.431851 0.017199
15 0.150646 0.261671 0.071736 0.022113
15 0.279053 0.282555 0.285509 0.019656
15 0.520086 0.282555 0.193687 0.024570
15 0.783357 0.473587 0.149211 0.023342
15 0.593974 0.494472 0.175036 0.025799
15 0.330703 0.513514 0.219512 0.024570
15 0.242468 0.552211 0.114778 0.023342
15 0.726686 0.531327 0.253945 0.025799
15 0.559541 0.552211 0.068867 0.023342
15 0.608321 0.630835 0.487805 0.023342
15 0.316356 0.650491 0.084648 0.023342
