15 0.645320 0.145161 0.576355 0.026393
15 0.580049 0.167889 0.165025 0.024927
15 0.437192 0.218475 0.623153 0.026393
15 0.853448 0.219208 0.155172 0.027859
15 0.440887 0.250733 0.615764 0.026393
15 0.854680 0.250733 0.157635 0.026393
15 0.536946 0.284457 0.793103 0.026393
15 0.559113 0.313783 0.748768 0.029326
15 0.320197 0.380499 0.147783 0.016129
15 0.320197 0.398827 0.147783 0.020528
15 0.320197 0.421554 0.152709 0.019062
15 0.320197 0.443548 0.147783 0.019062
15 0.318966 0.463343 0.145320 0.020528
15 0.479064 0.379765 0.145320 0.017595
15 0.479064 0.400293 0.150246 0.020528
15 0.476601 0.423754 0.145320 0.017595
15 0.477833 0.444282 0.147783 0.017595
15 0.477833 0.465543 0.142857 0.016129
15 0.631773 0.379032 0.150246 0.019062
15 0.635468 0.401760 0.152709 0.020528
15 0.634236 0.423021 0.150246 0.019062
15 0.636700 0.444282 0.150246 0.020528
15 0.634236 0.464809 0.150246 0.017595
15 0.795567 0.379765 0.157635 0.020528
15 0.794335 0.401026 0.155172 0.019062
15 0.794335 0.422287 0.160099 0.017595
15 0.795567 0.442082 0.157635 0.019062
15 0.798030 0.463343 0.157635 0.020528
15 0.496305 0.534457 0.874384 0.027859
15 0.299261 0.515396 0.046798 0.019062
15 0.560345 0.555718 0.766010 0.020528
15 0.556650 0.585777 0.758621 0.024927
15 0.557882 0.617302 0.756158 0.023460
15 0.786946 0.691349 0.288177 0.024927
16 0.317734 0.693548 0.019704 0.011730
16 0.378079 0.694282 0.017241 0.010264
16 0.439655 0.716276 0.017241 0.010264
16 0.503695 0.717742 0.022167 0.013196
