15 0.230769 0.135314 0.418146 0.039604
15 0.516765 0.135314 0.138067 0.039604
15 0.777120 0.134488 0.358974 0.034653
15 0.230769 0.207921 0.426036 0.033003
15 0.521696 0.205446 0.143984 0.034653
15 0.677515 0.207096 0.155819 0.031353
15 0.858974 0.207921 0.183432 0.033003
15 0.230769 0.249175 0.426036 0.033003
15 0.710059 0.249175 0.520710 0.039604
15 0.114398 0.292079 0.185404 0.036304
15 0.324458 0.292079 0.242604 0.036304
15 0.229783 0.363861 0.420118 0.031353
15 0.595661 0.364686 0.303748 0.033003
15 0.870809 0.362211 0.218935 0.034653
15 0.111440 0.409241 0.179487 0.036304
15 0.320513 0.405116 0.230769 0.034653
15 0.599606 0.405116 0.303748 0.037954
15 0.861933 0.406766 0.205128 0.037954
15 0.227811 0.450495 0.420118 0.029703
15 0.597633 0.449670 0.299803 0.031353
15 0.868836 0.451320 0.203156 0.034653
15 0.112426 0.495050 0.181460 0.036304
15 0.323471 0.495050 0.228797 0.039604
15 0.596647 0.492574 0.313609 0.041254
15 0.869822 0.494224 0.205128 0.041254
15 0.229783 0.564356 0.420118 0.036304
15 0.597633 0.564356 0.303748 0.036304
15 0.862919 0.566832 0.203156 0.037954
15 0.110454 0.609736 0.185404 0.034653
15 0.257396 0.608086 0.104536 0.034653
15 0.373767 0.606436 0.124260 0.034653
15 0.595661 0.604785 0.311637 0.044554
15 0.866864 0.603135 0.214990 0.041254
15 0.220907 0.677393 0.414201 0.037954
15 0.705128 0.676568 0.534517 0.039604
15 0.345168 0.721122 0.654832 0.039604
15 0.822485 0.722772 0.284024 0.033003
15 0.106509 0.796205 0.169625 0.031353
15 0.107495 0.836634 0.167653 0.036304
15 0.106509 0.882013 0.169625 0.037954
15 0.255424 0.795380 0.088757 0.029703
15 0.256410 0.837459 0.086785 0.034653
15 0.258383 0.880363 0.090730 0.034653
15 0.574951 0.924092 0.763314 0.033003
15 0.375740 0.798680 0.120316 0.033003
15 0.534517 0.797855 0.177515 0.031353
15 0.692308 0.798680 0.102564 0.026403
15 0.818540 0.797855 0.134122 0.034653
15 0.378698 0.842409 0.122288 0.028053
15 0.534517 0.839934 0.181460 0.029703
15 0.688363 0.838284 0.102564 0.033003
15 0.817554 0.839934 0.132150 0.029703
15 0.375740 0.884488 0.120316 0.029703
15 0.533531 0.882838 0.183432 0.029703
15 0.690335 0.882838 0.090730 0.029703
15 0.816568 0.881188 0.130178 0.033003
15 0.655819 0.957096 0.601578 0.033003
16 0.086785 0.929043 0.015779 0.013201
16 0.116371 0.929043 0.015779 0.016502
