15 0.347441 0.215569 0.374016 0.031437
15 0.712598 0.214446 0.188976 0.029192
15 0.620079 0.240269 0.488189 0.023952
15 0.377461 0.306886 0.477362 0.026946
15 0.764764 0.305763 0.210630 0.030689
15 0.264272 0.331961 0.209646 0.021707
15 0.522146 0.332710 0.191929 0.023204
15 0.802165 0.331213 0.255906 0.023204
15 0.285433 0.376497 0.297244 0.023952
15 0.286417 0.400449 0.299213 0.022455
15 0.691929 0.377620 0.354331 0.024701
15 0.692421 0.400075 0.355315 0.024701
15 0.562500 0.471931 0.745079 0.026198
15 0.174213 0.492515 0.139764 0.026946
15 0.355807 0.495135 0.160433 0.026198
15 0.818898 0.495509 0.220472 0.023952
15 0.372047 0.519087 0.370079 0.021707
15 0.774606 0.516467 0.312992 0.025449
16 0.450295 0.497754 0.022638 0.019461
16 0.523622 0.498129 0.023622 0.017216
16 0.450295 0.581961 0.020669 0.015719
16 0.525098 0.582710 0.020669 0.017216
16 0.068406 0.757485 0.022638 0.016467
16 0.132382 0.755614 0.022638 0.017216
16 0.067421 0.847305 0.022638 0.019461
16 0.132874 0.847305 0.023622 0.017964
15 0.565945 0.555763 0.732283 0.032186
15 0.174213 0.580090 0.137795 0.025449
15 0.352854 0.582335 0.158465 0.023952
15 0.819882 0.582710 0.220472 0.023204
15 0.369587 0.606662 0.371063 0.021707
15 0.772638 0.605913 0.314961 0.026198
15 0.568898 0.626871 0.722441 0.021707
15 0.542323 0.708832 0.783465 0.029940
15 0.377461 0.732784 0.355315 0.022455
15 0.779528 0.734656 0.301181 0.023204
15 0.281004 0.754491 0.109252 0.023952
15 0.463091 0.757111 0.191929 0.023204
15 0.795768 0.757111 0.264764 0.023204
15 0.375000 0.778069 0.352362 0.023204
15 0.770177 0.779566 0.315945 0.024701
15 0.381890 0.822231 0.344488 0.026198
15 0.281496 0.846183 0.104331 0.023204
15 0.463091 0.846931 0.182087 0.021707
15 0.375984 0.870509 0.358268 0.023952
15 0.778543 0.823728 0.297244 0.027695
15 0.794783 0.847305 0.262795 0.025449
15 0.770177 0.869012 0.315945 0.023952
