15 0.298117 0.137011 0.420502 0.028470
15 0.361925 0.161922 0.288703 0.028470
15 0.307531 0.186833 0.410042 0.028470
15 0.306485 0.214413 0.403766 0.023132
15 0.342050 0.239324 0.324268 0.026690
15 0.647490 0.320285 0.169456 0.032028
15 0.862971 0.347865 0.223849 0.030249
15 0.273013 0.341637 0.483264 0.039146
15 0.271967 0.415480 0.485356 0.030249
15 0.598326 0.514235 0.690377 0.032028
15 0.332636 0.553381 0.205021 0.028470
15 0.567992 0.593416 0.416318 0.033808
15 0.879707 0.750000 0.115063 0.033808
15 0.656904 0.905694 0.083682 0.032028
15 0.857741 0.907473 0.050209 0.024911
16 0.060669 0.927046 0.025105 0.024911
16 0.168410 0.927936 0.027197 0.023132
16 0.060669 0.806940 0.029289 0.023132
16 0.213389 0.768683 0.037657 0.024911
16 0.327406 0.770463 0.031381 0.028470
16 0.172594 0.710854 0.031381 0.026690
16 0.247908 0.710854 0.035565 0.026690
16 0.172594 0.671708 0.031381 0.026690
16 0.246862 0.671708 0.029289 0.026690
16 0.354603 0.633452 0.035565 0.024911
16 0.434100 0.632562 0.031381 0.026690
16 0.542887 0.632562 0.035565 0.030249
16 0.654812 0.634342 0.033473 0.026690
16 0.578452 0.454626 0.027197 0.023132
16 0.579498 0.477758 0.029289 0.023132
