15 0.123333 0.145546 0.050000 0.025094
15 0.125000 0.163739 0.053333 0.013802
15 0.125833 0.178795 0.055000 0.016311
15 0.125833 0.193852 0.051667 0.013802
15 0.617500 0.147428 0.055000 0.016311
15 0.615833 0.164994 0.051667 0.016311
15 0.617500 0.180050 0.058333 0.013802
15 0.615000 0.194479 0.053333 0.012547
15 0.534167 0.224592 0.878333 0.027604
15 0.487500 0.246550 0.738333 0.023839
15 0.505833 0.272271 0.645000 0.020075
15 0.317500 0.312422 0.408333 0.020075
15 0.650833 0.311794 0.201667 0.026349
15 0.816667 0.309912 0.060000 0.025094
15 0.914167 0.310540 0.081667 0.023839
15 0.575833 0.338143 0.761667 0.021330
15 0.555833 0.421581 0.441667 0.022585
15 0.505000 0.438519 0.633333 0.016311
15 0.357500 0.547679 0.111667 0.021330
15 0.654167 0.567754 0.618333 0.021330
15 0.551667 0.582811 0.820000 0.023839
15 0.245833 0.603513 0.091667 0.020075
15 0.437500 0.603513 0.145000 0.020075
15 0.698333 0.602258 0.113333 0.020075
15 0.704167 0.652447 0.125000 0.020075
15 0.168333 0.653074 0.076667 0.016311
15 0.379167 0.786073 0.111667 0.021330
15 0.213333 0.895232 0.290000 0.018821
15 0.450833 0.895859 0.145000 0.015056
