17 0.588889 0.346154 0.562393 0.065385
17 0.587179 0.391346 0.565812 0.067308
17 0.588034 0.467308 0.564103 0.126923
17 0.585470 0.538462 0.569231 0.065385
17 0.588034 0.586538 0.560684 0.069231
17 0.588034 0.635577 0.564103 0.063462
17 0.588034 0.805769 0.560684 0.065385
17 0.588034 0.850962 0.570940 0.059615
17 0.389744 0.854808 0.054701 0.048077
17 0.435043 0.854808 0.070085 0.055769
17 0.493162 0.853846 0.094017 0.061538
17 0.582906 0.856731 0.054701 0.063462
17 0.632479 0.853846 0.068376 0.065385
17 0.765812 0.854808 0.215385 0.063462
