15 0.446429 0.143646 0.198571 0.052486
15 0.442857 0.183702 0.188571 0.041436
15 0.560714 0.221685 0.427143 0.034530
15 0.561429 0.256906 0.428571 0.035912
15 0.697143 0.142956 0.171429 0.040055
15 0.695000 0.180939 0.170000 0.035912
17 0.282857 0.365331 0.142857 0.205801
17 0.692143 0.287983 0.167143 0.048343
17 0.693571 0.323204 0.167143 0.046961
17 0.695000 0.357735 0.175714 0.049724
16 0.626429 0.388122 0.012857 0.011050
16 0.624286 0.407459 0.008571 0.013812
16 0.625714 0.429558 0.011429 0.011050
16 0.624286 0.449586 0.008571 0.012431
15 0.440714 0.584254 0.192857 0.035912
15 0.695714 0.585635 0.165714 0.041436
15 0.443571 0.623619 0.192857 0.037293
15 0.695714 0.625691 0.162857 0.030387
15 0.562857 0.662983 0.431429 0.035912
15 0.562143 0.696823 0.427143 0.034530
17 0.285000 0.804558 0.138571 0.205801
17 0.693571 0.723757 0.170000 0.044199
17 0.691429 0.758978 0.165714 0.048343
17 0.692143 0.797652 0.172857 0.048343
16 0.623571 0.825276 0.010000 0.012431
16 0.625714 0.845304 0.011429 0.011050
16 0.625714 0.866022 0.011429 0.008287
16 0.625000 0.886740 0.010000 0.011050
