15 0.263948 0.252508 0.339056 0.030100
15 0.263948 0.274247 0.347639 0.020067
16 0.225322 0.309365 0.021459 0.016722
16 0.431330 0.311037 0.021459 0.013378
15 0.594421 0.311037 0.072961 0.026756
15 0.703863 0.311037 0.085837 0.026756
15 0.231760 0.444816 0.171674 0.026756
15 0.401288 0.384615 0.090129 0.026756
15 0.401288 0.409699 0.090129 0.023411
15 0.399142 0.429766 0.085837 0.023411
15 0.401288 0.449833 0.090129 0.016722
15 0.401288 0.468227 0.090129 0.020067
15 0.690987 0.655518 0.446352 0.033445
15 0.587983 0.678930 0.163090 0.020067
15 0.296137 0.677258 0.163090 0.023411
15 0.388412 0.695652 0.150215 0.020067
15 0.530043 0.715719 0.141631 0.020067
15 0.298283 0.714047 0.158798 0.023411
15 0.478541 0.735786 0.253219 0.020067
15 0.714592 0.717391 0.098712 0.023411
15 0.836910 0.695652 0.163090 0.026756
15 0.871245 0.717391 0.085837 0.023411
15 0.317597 0.849498 0.446352 0.020067
15 0.315451 0.872910 0.442060 0.020067
15 0.317597 0.892977 0.446352 0.020067
15 0.317597 0.911371 0.446352 0.016722
15 0.317597 0.929766 0.446352 0.026756
