17 0.840278 0.101395 0.275000 0.033262
17 0.647917 0.136803 0.393056 0.031116
17 0.265278 0.226395 0.483333 0.030043
17 0.742361 0.226931 0.470833 0.031116
17 0.147917 0.283798 0.243056 0.028970
17 0.627778 0.283798 0.702778 0.031116
17 0.090278 0.420064 0.127778 0.028970
17 0.220833 0.419528 0.122222 0.027897
17 0.222917 0.456009 0.134722 0.027897
17 0.933333 0.396996 0.083333 0.030043
17 0.594444 0.396459 0.088889 0.031116
17 0.331944 0.555794 0.611111 0.030043
17 0.807639 0.556330 0.331944 0.026824
17 0.375694 0.613734 0.704167 0.030043
17 0.854167 0.612124 0.247222 0.028970
15 0.216667 0.738734 0.377778 0.035408
15 0.610417 0.739807 0.370833 0.031116
15 0.896528 0.740880 0.151389 0.026824
16 0.044444 0.318670 0.033333 0.027897
16 0.427083 0.317060 0.037500 0.028970
16 0.750694 0.318133 0.037500 0.026824
16 0.367361 0.443133 0.034722 0.027897
16 0.454861 0.443670 0.034722 0.028970
16 0.602778 0.443670 0.033333 0.026824
16 0.044444 0.170064 0.038889 0.028970
16 0.177083 0.169528 0.037500 0.030043
16 0.279861 0.170064 0.040278 0.031116
