15 0.334167 0.229834 0.528333 0.029449
15 0.330000 0.288092 0.520000 0.030730
15 0.435000 0.350832 0.733333 0.030730
15 0.186667 0.412292 0.223333 0.025608
15 0.360000 0.411652 0.043333 0.026889
15 0.625000 0.412932 0.233333 0.024328
15 0.577500 0.389885 0.231667 0.029449
15 0.805833 0.413572 0.048333 0.028169
15 0.495000 0.450704 0.103333 0.025608
15 0.215833 0.476312 0.148333 0.025608
15 0.172500 0.497439 0.208333 0.024328
15 0.187500 0.593470 0.231667 0.024328
15 0.361667 0.594110 0.046667 0.028169
15 0.800000 0.871959 0.183333 0.030730
