15 0.491758 0.249205 0.879121 0.042418
15 0.271291 0.355779 0.424451 0.030753
15 0.712912 0.352598 0.431319 0.034995
15 0.134615 0.539767 0.126374 0.029692
15 0.468407 0.538706 0.120879 0.025451
15 0.800137 0.538706 0.212912 0.038176
15 0.406593 0.586426 0.148352 0.027572
15 0.403846 0.613468 0.151099 0.032874
15 0.737637 0.587487 0.153846 0.029692
15 0.734203 0.616119 0.146978 0.025451
15 0.307005 0.642100 0.089286 0.020148
15 0.820055 0.643690 0.079670 0.016967
15 0.288462 0.667550 0.260989 0.028632
15 0.561126 0.670201 0.086538 0.029692
15 0.819368 0.670201 0.072802 0.025451
15 0.306319 0.735419 0.354396 0.028632
15 0.336538 0.764581 0.274725 0.023330
15 0.315247 0.793213 0.336538 0.023330
15 0.348901 0.817603 0.288462 0.025451
15 0.358516 0.844115 0.250000 0.021209
15 0.315247 0.867444 0.336538 0.025451
15 0.285027 0.894486 0.388736 0.024390
15 0.763736 0.737540 0.335165 0.030753
15 0.845467 0.765111 0.174451 0.034995
15 0.808379 0.788441 0.262363 0.034995
15 0.795330 0.816543 0.315934 0.029692
15 0.808379 0.843054 0.245879 0.027572
15 0.800137 0.869565 0.251374 0.025451
15 0.739698 0.895546 0.380495 0.034995
16 0.107830 0.559385 0.039835 0.026511
16 0.187500 0.559915 0.042582 0.027572
16 0.089286 0.586426 0.030220 0.019088
16 0.089973 0.613998 0.026099 0.019088
16 0.088599 0.642100 0.023352 0.020148
16 0.090659 0.669141 0.024725 0.019088
16 0.647665 0.587487 0.020604 0.016967
16 0.650412 0.614528 0.020604 0.024390
16 0.765110 0.641569 0.021978 0.019088
16 0.766484 0.667020 0.027473 0.023330
