17 0.444828 0.192500 0.563218 0.060000
17 0.444828 0.238750 0.577011 0.062500
17 0.334483 0.280000 0.347126 0.060000
17 0.612644 0.281250 0.232184 0.072500
17 0.282759 0.322500 0.248276 0.055000
17 0.557471 0.323750 0.337931 0.062500
17 0.233333 0.366250 0.154023 0.052500
17 0.339080 0.361250 0.085057 0.067500
17 0.504598 0.365000 0.273563 0.060000
17 0.677011 0.366250 0.098851 0.062500
17 0.233333 0.411250 0.158621 0.062500
17 0.514943 0.411250 0.427586 0.062500
17 0.831034 0.191250 0.236782 0.067500
17 0.834483 0.235000 0.239080 0.060000
17 0.834483 0.281250 0.243678 0.062500
17 0.836782 0.315000 0.243678 0.065000
17 0.836782 0.365000 0.243678 0.065000
17 0.835632 0.411250 0.245977 0.072500
17 0.852874 0.455000 0.087356 0.060000
17 0.852874 0.492500 0.087356 0.060000
17 0.852874 0.535000 0.082759 0.060000
17 0.850575 0.577500 0.082759 0.060000
17 0.852874 0.615000 0.091954 0.060000
17 0.850575 0.657500 0.082759 0.065000
17 0.918391 0.455000 0.075862 0.065000
17 0.917241 0.493750 0.078161 0.057500
17 0.922989 0.535000 0.075862 0.055000
17 0.917241 0.573750 0.082759 0.062500
17 0.920690 0.615000 0.085057 0.060000
17 0.914943 0.660000 0.087356 0.065000
15 0.414943 0.490000 0.222989 0.040000
15 0.381609 0.528750 0.289655 0.037500
16 0.298851 0.452500 0.022989 0.020000
16 0.378161 0.452500 0.025287 0.020000
16 0.457471 0.453750 0.022989 0.022500
17 0.637931 0.487500 0.043678 0.040000
17 0.672414 0.487500 0.048276 0.045000
17 0.703448 0.488750 0.045977 0.047500
17 0.636782 0.516250 0.045977 0.042500
17 0.670115 0.515000 0.048276 0.045000
17 0.703448 0.516250 0.050575 0.047500
17 0.637931 0.546250 0.043678 0.042500
17 0.672414 0.546250 0.043678 0.042500
17 0.705747 0.545000 0.041379 0.040000
17 0.637931 0.572500 0.043678 0.040000
17 0.671264 0.575000 0.045977 0.040000
17 0.706897 0.573750 0.043678 0.042500
17 0.637931 0.605000 0.043678 0.045000
17 0.670115 0.605000 0.043678 0.045000
17 0.702299 0.605000 0.048276 0.040000
17 0.637931 0.635000 0.048276 0.045000
17 0.670115 0.636250 0.048276 0.042500
17 0.704598 0.633750 0.048276 0.042500
17 0.639080 0.668750 0.045977 0.047500
17 0.672414 0.668750 0.048276 0.057500
17 0.705747 0.667500 0.041379 0.050000
