17 0.279706 0.275000 0.249666 0.050000
17 0.277704 0.313000 0.251001 0.054000
17 0.279039 0.393000 0.248331 0.054000
17 0.280374 0.471000 0.248331 0.054000
17 0.280374 0.428000 0.251001 0.048000
17 0.280374 0.511000 0.251001 0.058000
17 0.279039 0.552000 0.248331 0.056000
17 0.281709 0.588000 0.248331 0.068000
17 0.279039 0.629000 0.251001 0.062000
17 0.281041 0.709000 0.246996 0.058000
17 0.280374 0.749000 0.245661 0.058000
17 0.854473 0.472000 0.208278 0.048000
17 0.814419 0.510000 0.136182 0.052000
17 0.854473 0.589000 0.210948 0.058000
17 0.813084 0.632000 0.133511 0.056000
17 0.737650 0.790000 0.444593 0.132000
