15 0.843537 0.120000 0.197279 0.035556
15 0.535714 0.158889 0.833333 0.037778
15 0.397959 0.196667 0.517007 0.037778
15 0.821429 0.196667 0.248299 0.037778
15 0.210884 0.236667 0.183673 0.033333
15 0.471088 0.235556 0.255102 0.031111
15 0.816327 0.235556 0.251701 0.031111
15 0.318027 0.277778 0.377551 0.031111
15 0.343537 0.313333 0.306122 0.031111
15 0.799320 0.313333 0.210884 0.026667
15 0.380952 0.355556 0.197279 0.026667
15 0.649660 0.353333 0.190476 0.026667
15 0.875850 0.352222 0.139456 0.028889
15 0.338435 0.502222 0.289116 0.026667
15 0.357143 0.820000 0.258503 0.035556
15 0.726190 0.481111 0.431973 0.028889
15 0.726190 0.520000 0.431973 0.035556
15 0.724490 0.562222 0.435374 0.031111
15 0.724490 0.600000 0.435374 0.026667
15 0.727891 0.638889 0.442177 0.024444
15 0.758503 0.761111 0.360544 0.037778
15 0.792517 0.800000 0.299320 0.035556
15 0.775510 0.837778 0.340136 0.035556
15 0.433673 0.887778 0.105442 0.033333
17 0.806122 0.901111 0.278912 0.104444
16 0.336735 0.940000 0.027211 0.017778
16 0.423469 0.941111 0.030612 0.020000
16 0.639456 0.718889 0.047619 0.028889
16 0.772109 0.718889 0.054422 0.033333
16 0.685374 0.682222 0.051020 0.035556
16 0.816327 0.682222 0.054422 0.035556
16 0.079932 0.884444 0.051020 0.031111
16 0.079932 0.840000 0.051020 0.031111
16 0.078231 0.794444 0.047619 0.033333
16 0.076531 0.748889 0.051020 0.035556
16 0.078231 0.704444 0.047619 0.031111
16 0.078231 0.660000 0.047619 0.031111
16 0.076531 0.615556 0.051020 0.031111
16 0.078231 0.568889 0.047619 0.035556
16 0.079932 0.524444 0.057823 0.035556
16 0.074830 0.482222 0.054422 0.035556
16 0.918367 0.415556 0.020408 0.013333
16 0.778912 0.415556 0.020408 0.013333
16 0.698980 0.416667 0.023810 0.015556
16 0.602041 0.415556 0.020408 0.013333
16 0.513605 0.416667 0.020408 0.015556
16 0.420068 0.417778 0.023810 0.013333
16 0.329932 0.416667 0.027211 0.015556
16 0.236395 0.416667 0.017007 0.011111
16 0.149660 0.415556 0.020408 0.013333
