17 0.576667 0.128205 0.806667 0.035897
17 0.351667 0.158974 0.356667 0.035897
17 0.826667 0.161538 0.306667 0.030769
17 0.163333 0.192308 0.153333 0.030769
17 0.320000 0.193590 0.046667 0.028205
17 0.476667 0.193590 0.113333 0.033333
17 0.761667 0.192308 0.176667 0.035897
17 0.310000 0.226923 0.440000 0.038462
17 0.763333 0.225641 0.180000 0.030769
17 0.948333 0.361538 0.063333 0.215385
17 0.453333 0.317949 0.213333 0.035897
17 0.325000 0.350000 0.183333 0.038462
17 0.700000 0.348718 0.166667 0.035897
17 0.556667 0.488462 0.846667 0.033333
17 0.466667 0.698718 0.573333 0.033333
17 0.293333 0.729487 0.226667 0.033333
17 0.840000 0.894872 0.213333 0.030769
17 0.168333 0.896154 0.216667 0.028205
16 0.275000 0.271795 0.023333 0.020513
16 0.433333 0.274359 0.026667 0.015385
16 0.581667 0.271795 0.023333 0.020513
16 0.618333 0.298718 0.016667 0.017949
16 0.691667 0.298718 0.030000 0.017949
16 0.241667 0.387179 0.030000 0.015385
16 0.488333 0.382051 0.030000 0.020513
16 0.243333 0.402564 0.026667 0.020513
16 0.241667 0.421795 0.030000 0.017949
16 0.245000 0.442308 0.030000 0.017949
16 0.365000 0.464103 0.030000 0.020513
16 0.433333 0.466667 0.026667 0.020513
16 0.488333 0.405128 0.036667 0.020513
16 0.316667 0.598718 0.026667 0.017949
16 0.385000 0.598718 0.023333 0.017949
16 0.511667 0.655128 0.023333 0.017949
16 0.581667 0.656410 0.030000 0.025641
16 0.746667 0.730769 0.026667 0.020513
16 0.813333 0.728205 0.026667 0.020513
16 0.830000 0.852564 0.026667 0.017949
16 0.180000 0.851282 0.020000 0.020513
