17 0.563187 0.172322 0.788462 0.037116
17 0.860577 0.059385 0.190934 0.029692
17 0.377060 0.144221 0.671703 0.033934
17 0.831731 0.144751 0.254121 0.039236
17 0.563187 0.199364 0.782967 0.040297
17 0.438874 0.230117 0.539835 0.038176
17 0.830357 0.230647 0.256868 0.045599
17 0.440247 0.262460 0.539835 0.039236
17 0.828297 0.260339 0.255495 0.041357
17 0.563874 0.290032 0.784341 0.039236
17 0.412775 0.321315 0.484890 0.042418
17 0.800137 0.321315 0.314560 0.042418
17 0.565247 0.353659 0.787088 0.045599
15 0.803571 0.430011 0.104396 0.013786
16 0.199176 0.453340 0.030220 0.018028
16 0.199863 0.499470 0.028846 0.019088
16 0.201923 0.584305 0.030220 0.019088
16 0.199176 0.641569 0.027473 0.019088
16 0.834478 0.562036 0.031593 0.019088
16 0.899038 0.562036 0.034341 0.016967
16 0.834478 0.759279 0.028846 0.021209
16 0.899038 0.758218 0.031593 0.021209
16 0.200549 0.787911 0.027473 0.016967
17 0.452610 0.722694 0.446429 0.039236
17 0.811813 0.721103 0.291209 0.040297
15 0.583791 0.787911 0.060440 0.016967
17 0.460165 0.897667 0.571429 0.041357
17 0.846154 0.896076 0.222527 0.042418
