15 0.730528 0.125000 0.305276 0.025391
15 0.557161 0.142090 0.300251 0.024414
15 0.245603 0.195312 0.458543 0.029297
15 0.751884 0.197754 0.337940 0.022461
15 0.471734 0.233398 0.066583 0.025391
15 0.665201 0.232910 0.046482 0.026367
15 0.293970 0.248535 0.055276 0.022461
15 0.342337 0.248535 0.033920 0.024414
15 0.141960 0.268555 0.072864 0.019531
15 0.203518 0.266113 0.037688 0.026367
15 0.167085 0.341309 0.123116 0.024414
15 0.268216 0.340332 0.064070 0.022461
15 0.207286 0.410645 0.381910 0.026367
15 0.679648 0.428223 0.108040 0.024414
15 0.545854 0.448242 0.305276 0.025391
15 0.636307 0.469238 0.345477 0.018555
15 0.079774 0.448242 0.101759 0.021484
15 0.079774 0.468262 0.094221 0.018555
16 0.052136 0.268066 0.028894 0.022461
16 0.050251 0.340332 0.027638 0.018555
15 0.525754 0.520020 0.054020 0.020508
15 0.206030 0.591797 0.057789 0.023438
15 0.341709 0.647949 0.057789 0.024414
15 0.335427 0.666016 0.125628 0.023438
15 0.511307 0.647461 0.035176 0.021484
15 0.355528 0.686035 0.100503 0.018555
15 0.275754 0.828125 0.503769 0.029297
15 0.200377 0.737793 0.363065 0.022461
15 0.512563 0.936523 0.072864 0.021484
15 0.890704 0.917480 0.095477 0.022461
