15 0.286713 0.168190 0.279720 0.043876
15 0.691142 0.170018 0.282051 0.047532
15 0.311189 0.259598 0.328671 0.043876
15 0.220280 0.317185 0.328671 0.045704
15 0.221445 0.376600 0.326340 0.040219
15 0.284382 0.466179 0.456876 0.043876
15 0.727273 0.466179 0.284382 0.043876
15 0.152681 0.527422 0.198135 0.042048
15 0.418415 0.525594 0.146853 0.042048
15 0.360140 0.638026 0.608392 0.047532
15 0.375291 0.768739 0.643357 0.038391
15 0.677156 0.872943 0.333333 0.031079
15 0.328671 0.927788 0.335664 0.042048
15 0.759907 0.925046 0.321678 0.047532
