15 0.450203 0.131661 0.623984 0.028213
15 0.563008 0.165361 0.853659 0.026646
15 0.593496 0.232759 0.788618 0.026646
15 0.391260 0.258621 0.587398 0.025078
15 0.889228 0.259404 0.205285 0.023511
15 0.564024 0.300157 0.855691 0.026646
15 0.525407 0.340909 0.932927 0.026646
15 0.525407 0.363636 0.936992 0.018809
15 0.563008 0.478840 0.853659 0.026646
15 0.339431 0.505486 0.109756 0.023511
15 0.447154 0.507053 0.069106 0.020376
15 0.621951 0.504702 0.101626 0.025078
15 0.731707 0.505486 0.077236 0.023511
15 0.689024 0.706113 0.174797 0.026646
15 0.720528 0.764890 0.172764 0.028213
15 0.718496 0.807210 0.542683 0.025078
15 0.659553 0.859718 0.656504 0.029781
16 0.792683 0.134013 0.020325 0.017241
16 0.070122 0.300157 0.018293 0.017241
16 0.303862 0.282132 0.022358 0.018809
16 0.403455 0.281348 0.026423 0.020376
16 0.491870 0.281348 0.020325 0.017241
16 0.622967 0.282132 0.022358 0.018809
16 0.760163 0.281348 0.024390 0.017241
16 0.893293 0.281348 0.022358 0.017241
16 0.259146 0.461599 0.022358 0.017241
16 0.504065 0.461599 0.020325 0.014107
16 0.070122 0.478840 0.022358 0.020376
16 0.265244 0.691223 0.022358 0.018809
16 0.265244 0.708464 0.022358 0.015674
16 0.264228 0.766458 0.024390 0.018809
16 0.415650 0.766458 0.022358 0.018809
16 0.567073 0.766458 0.024390 0.018809
16 0.266260 0.807994 0.024390 0.017241
16 0.266260 0.840125 0.024390 0.018809
16 0.265244 0.859718 0.022358 0.017241
