15 0.609202 0.068848 0.420859 0.026367
15 0.606135 0.106934 0.414724 0.028320
15 0.606748 0.143555 0.415951 0.029297
15 0.607362 0.177734 0.417178 0.023438
15 0.607362 0.213867 0.417178 0.031250
15 0.107975 0.270020 0.130061 0.028320
15 0.403681 0.250488 0.191411 0.026367
15 0.550307 0.251953 0.047853 0.025391
15 0.449080 0.270996 0.044172 0.020508
15 0.305521 0.305176 0.584049 0.022461
15 0.849693 0.358887 0.042945 0.024414
15 0.126994 0.378906 0.038037 0.025391
15 0.279141 0.376465 0.177914 0.030273
15 0.427607 0.380371 0.050307 0.024414
15 0.768712 0.412109 0.173006 0.025391
15 0.223313 0.629395 0.147239 0.024414
15 0.661350 0.613770 0.139877 0.026367
15 0.495706 0.632324 0.159509 0.034180
15 0.487117 0.720215 0.957055 0.026367
15 0.198160 0.755859 0.111656 0.023438
15 0.546012 0.884277 0.856442 0.026367
15 0.242331 0.918457 0.040491 0.020508
15 0.331902 0.919922 0.030675 0.023438
15 0.353988 0.937988 0.123926 0.028320
