15 0.180025 0.104004 0.202219 0.028320
15 0.352035 0.102051 0.077682 0.024414
15 0.154131 0.223633 0.231813 0.027344
15 0.393342 0.222168 0.229346 0.032227
15 0.669544 0.222656 0.231813 0.035156
15 0.355734 0.265625 0.632552 0.025391
15 0.109125 0.409180 0.080148 0.027344
15 0.372380 0.388184 0.212084 0.022461
15 0.544390 0.388184 0.077682 0.024414
15 0.714550 0.386230 0.196054 0.028320
15 0.712084 0.487793 0.198520 0.024414
15 0.605425 0.512207 0.268804 0.024414
15 0.548089 0.528809 0.090012 0.024414
15 0.374229 0.530762 0.203453 0.022461
15 0.213933 0.588867 0.339088 0.031250
15 0.564118 0.591309 0.203453 0.026367
15 0.213317 0.651367 0.342787 0.029297
15 0.567201 0.651855 0.204686 0.026367
15 0.213933 0.711914 0.348952 0.025391
15 0.568434 0.711914 0.221948 0.035156
